R1: 3
R2: 6
R3: 8
R4: 4
R5: 5

P1: 0 1 4 0 0 1 2 4 1 2
P2: 0 1 0 1 0 0 4 3 2 1
P3: 1 1 0 1 3 2 1 5 2 3
P4: 0 0 1 0 0 1 3 1 1 2
P5: 0 0 0 0 0 0 0 7 3 4
P6: 0 0 1 0 0 0 2 3 2 2
P7: 0 1 0 0 0 1 1 4 1 5